PASS (40.50, 60.00) at (40.50, 0.02, 59.88)
PASS (34.50, 61.00) at (34.60, 0.02, 60.98)
PASS (34.50, 90.00) at (34.50, 0.02, 89.90)
PASS (65.50, 90.00) at (65.38, 0.02, 90.00)
PASS (65.50, 61.00) at (65.50, 0.02, 61.12)
PASS (50.00, 61.00) at (50.10, 0.02, 61.00)
PASS (50.00, 70.00) at (50.00, -0.68, 69.90)
PASS (50.00, 61.00) at (50.00, 0.02, 61.11)
PASS (40.50, 61.00) at (40.60, 0.02, 61.00)
PASS (40.50, 42.00) at (40.50, 0.02, 42.08)
PASS (41.80, 37.00) at (41.78, 0.02, 37.08)
PASS (42.30, 32.00) at (42.29, 0.02, 32.11)
PASS (41.80, 37.00) at (41.81, 0.02, 36.88)
PASS (40.50, 42.00) at (40.52, 0.02, 41.92)
Failures: 0
